%YAML:1.0
---
camera_model: JY-ME01
image_width: 640
image_height: 480
M1: !!opencv-matrix
   rows: 3
   cols: 3
   dt: d
   data: [ 428.43711739899896, 0., 305.51076752580013, 0.,
       427.98416522063076, 226.86863759211332, 0., 0., 1. ]
D1: !!opencv-matrix
   rows: 1
   cols: 5
   dt: d
   data: [ -0.029047115093563173, 0.16087891558432793,
       -0.0011627796306622551, -0.0012585585354808085,
       -0.19837740561908226 ]
M2: !!opencv-matrix
   rows: 3
   cols: 3
   dt: d
   data: [ 427.49620900318456, 0., 316.2148327580237, 0.,
       427.11832929074598, 235.88207404056979, 0., 0., 1. ]
D2: !!opencv-matrix
   rows: 1
   cols: 5
   dt: d
   data: [ -0.023190715945655443, 0.1224028603678663,
       -0.00062044817184798886, -0.0020762918284110907,
       -0.12830179524239579 ]
R: !!opencv-matrix
   rows: 3
   cols: 3
   dt: d
   data: [ 0.99990849511533553, 0.0014718340760529513,
       -0.013447494214075957, -0.0014485871191771047,
       0.99999743995580193, 0.0017382972129010481, 0.013450018272968671,
       -0.0017186582833113541, 0.99990806738527815 ]
T: !!opencv-matrix
   rows: 3
   cols: 1
   dt: d
   data: [ -15.154807055451565, 0.0093552829035750025,
       -0.033166076300941684 ]
R1: !!opencv-matrix
   rows: 3
   cols: 3
   dt: d
   data: [ 0.99993623941496623, 0.00085075764775902616,
       -0.01126025381952633, -0.00084103970800549963,
       0.99999926984171139, 0.00086773743347279882, 0.011260983832016444,
       -0.00085821178544195139, 0.99993622482419675 ]
R2: !!opencv-matrix
   rows: 3
   cols: 3
   dt: d
   data: [ 0.9999974147368903, -0.00061731295446221517,
       0.0021884798952887304, 0.00061920135849921002,
       0.99999943650423262, -0.00086231136775584709,
       -0.0021879463461114785, 0.00086366424817828119,
       0.99999723348359981 ]
P1: !!opencv-matrix
   rows: 3
   cols: 4
   dt: d
   data: [ 462.72558471841808, 0., 292.46493148803711, 0., 0.,
       462.72558471841808, 217.3768424987793, 0., 0., 0., 1., 0. ]
P2: !!opencv-matrix
   rows: 3
   cols: 4
   dt: d
   data: [ 462.72558471841808, 0., 292.46493148803711,
       -7012.5350852768952, 0., 462.72558471841808, 217.3768424987793,
       0., 0., 0., 1., 0. ]
Q: !!opencv-matrix
   rows: 4
   cols: 4
   dt: d
   data: [ 1., 0., 0., -292.46493148803711, 0., 1., 0.,
       -217.3768424987793, 0., 0., 0., 462.72558471841808, 0., 0.,
       0.065985492990962624, 0. ]
rms_error: 1.5224812894806041
